n_points =  1493
centroids =

   0.0013596   0.0011854   0.0011289
   0.0000000   0.0000000   0.0000000
   0.0000000   0.0000000   0.0000000
   0.0000000   0.0000000   0.0000000
   0.0000000   0.0000000   0.0000000
   0.0000000   0.0000000   0.0000000
   0.0000000   0.0000000   0.0000000
   0.0000000   0.0000000   0.0000000
   0.0000000   0.0000000   0.0000000
   0.0000000   0.0000000   0.0000000
   0.0000000   0.0000000   0.0000000
   0.0000000   0.0000000   0.0000000
   0.0000000   0.0000000   0.0000000
   0.0000000   0.0000000   0.0000000
   0.0000000   0.0000000   0.0000000
   0.0000000   0.0000000   0.0000000

n_points =  719
centroids =

   0.0013596   0.0011854   0.0011289
   0.0027695   0.0022355   0.0012664
   0.0000000   0.0000000   0.0000000
   0.0000000   0.0000000   0.0000000
   0.0000000   0.0000000   0.0000000
   0.0000000   0.0000000   0.0000000
   0.0000000   0.0000000   0.0000000
   0.0000000   0.0000000   0.0000000
   0.0000000   0.0000000   0.0000000
   0.0000000   0.0000000   0.0000000
   0.0000000   0.0000000   0.0000000
   0.0000000   0.0000000   0.0000000
   0.0000000   0.0000000   0.0000000
   0.0000000   0.0000000   0.0000000
   0.0000000   0.0000000   0.0000000
   0.0000000   0.0000000   0.0000000

n_points =  131
centroids =

   0.0013596   0.0011854   0.0011289
   0.0027695   0.0022355   0.0012664
   0.0035952   0.0019666   0.0010882
   0.0000000   0.0000000   0.0000000
   0.0000000   0.0000000   0.0000000
   0.0000000   0.0000000   0.0000000
   0.0000000   0.0000000   0.0000000
   0.0000000   0.0000000   0.0000000
   0.0000000   0.0000000   0.0000000
   0.0000000   0.0000000   0.0000000
   0.0000000   0.0000000   0.0000000
   0.0000000   0.0000000   0.0000000
   0.0000000   0.0000000   0.0000000
   0.0000000   0.0000000   0.0000000
   0.0000000   0.0000000   0.0000000
   0.0000000   0.0000000   0.0000000

n_points =  1316
centroids =

   0.0013596   0.0011854   0.0011289
   0.0027695   0.0022355   0.0012664
   0.0035952   0.0019666   0.0010882
   0.0020743   0.0016291   0.0010719
   0.0000000   0.0000000   0.0000000
   0.0000000   0.0000000   0.0000000
   0.0000000   0.0000000   0.0000000
   0.0000000   0.0000000   0.0000000
   0.0000000   0.0000000   0.0000000
   0.0000000   0.0000000   0.0000000
   0.0000000   0.0000000   0.0000000
   0.0000000   0.0000000   0.0000000
   0.0000000   0.0000000   0.0000000
   0.0000000   0.0000000   0.0000000
   0.0000000   0.0000000   0.0000000
   0.0000000   0.0000000   0.0000000

n_points =  1187
centroids =

   0.0013596   0.0011854   0.0011289
   0.0027695   0.0022355   0.0012664
   0.0035952   0.0019666   0.0010882
   0.0020743   0.0016291   0.0010719
   0.0004662   0.0004957   0.0004511
   0.0000000   0.0000000   0.0000000
   0.0000000   0.0000000   0.0000000
   0.0000000   0.0000000   0.0000000
   0.0000000   0.0000000   0.0000000
   0.0000000   0.0000000   0.0000000
   0.0000000   0.0000000   0.0000000
   0.0000000   0.0000000   0.0000000
   0.0000000   0.0000000   0.0000000
   0.0000000   0.0000000   0.0000000
   0.0000000   0.0000000   0.0000000
   0.0000000   0.0000000   0.0000000

n_points =  1476
centroids =

   0.0013596   0.0011854   0.0011289
   0.0027695   0.0022355   0.0012664
   0.0035952   0.0019666   0.0010882
   0.0020743   0.0016291   0.0010719
   0.0004662   0.0004957   0.0004511
   0.0034109   0.0029704   0.0024056
   0.0000000   0.0000000   0.0000000
   0.0000000   0.0000000   0.0000000
   0.0000000   0.0000000   0.0000000
   0.0000000   0.0000000   0.0000000
   0.0000000   0.0000000   0.0000000
   0.0000000   0.0000000   0.0000000
   0.0000000   0.0000000   0.0000000
   0.0000000   0.0000000   0.0000000
   0.0000000   0.0000000   0.0000000
   0.0000000   0.0000000   0.0000000

n_points =  566
centroids =

   0.0013596   0.0011854   0.0011289
   0.0027695   0.0022355   0.0012664
   0.0035952   0.0019666   0.0010882
   0.0020743   0.0016291   0.0010719
   0.0004662   0.0004957   0.0004511
   0.0034109   0.0029704   0.0024056
   0.0026519   0.0018014   0.0009598
   0.0000000   0.0000000   0.0000000
   0.0000000   0.0000000   0.0000000
   0.0000000   0.0000000   0.0000000
   0.0000000   0.0000000   0.0000000
   0.0000000   0.0000000   0.0000000
   0.0000000   0.0000000   0.0000000
   0.0000000   0.0000000   0.0000000
   0.0000000   0.0000000   0.0000000
   0.0000000   0.0000000   0.0000000

n_points =  970
centroids =

   0.0013596   0.0011854   0.0011289
   0.0027695   0.0022355   0.0012664
   0.0035952   0.0019666   0.0010882
   0.0020743   0.0016291   0.0010719
   0.0004662   0.0004957   0.0004511
   0.0034109   0.0029704   0.0024056
   0.0026519   0.0018014   0.0009598
   0.0029788   0.0025839   0.0019037
   0.0000000   0.0000000   0.0000000
   0.0000000   0.0000000   0.0000000
   0.0000000   0.0000000   0.0000000
   0.0000000   0.0000000   0.0000000
   0.0000000   0.0000000   0.0000000
   0.0000000   0.0000000   0.0000000
   0.0000000   0.0000000   0.0000000
   0.0000000   0.0000000   0.0000000

n_points =  1278
centroids =

   0.0013596   0.0011854   0.0011289
   0.0027695   0.0022355   0.0012664
   0.0035952   0.0019666   0.0010882
   0.0020743   0.0016291   0.0010719
   0.0004662   0.0004957   0.0004511
   0.0034109   0.0029704   0.0024056
   0.0026519   0.0018014   0.0009598
   0.0029788   0.0025839   0.0019037
   0.0003412   0.0003723   0.0003336
   0.0000000   0.0000000   0.0000000
   0.0000000   0.0000000   0.0000000
   0.0000000   0.0000000   0.0000000
   0.0000000   0.0000000   0.0000000
   0.0000000   0.0000000   0.0000000
   0.0000000   0.0000000   0.0000000
   0.0000000   0.0000000   0.0000000

n_points =  1474
centroids =

   0.0013596   0.0011854   0.0011289
   0.0027695   0.0022355   0.0012664
   0.0035952   0.0019666   0.0010882
   0.0020743   0.0016291   0.0010719
   0.0004662   0.0004957   0.0004511
   0.0034109   0.0029704   0.0024056
   0.0026519   0.0018014   0.0009598
   0.0029788   0.0025839   0.0019037
   0.0003412   0.0003723   0.0003336
   0.0007432   0.0007180   0.0006888
   0.0000000   0.0000000   0.0000000
   0.0000000   0.0000000   0.0000000
   0.0000000   0.0000000   0.0000000
   0.0000000   0.0000000   0.0000000
   0.0000000   0.0000000   0.0000000
   0.0000000   0.0000000   0.0000000

n_points =  436
centroids =

   0.0013596   0.0011854   0.0011289
   0.0027695   0.0022355   0.0012664
   0.0035952   0.0019666   0.0010882
   0.0020743   0.0016291   0.0010719
   0.0004662   0.0004957   0.0004511
   0.0034109   0.0029704   0.0024056
   0.0026519   0.0018014   0.0009598
   0.0029788   0.0025839   0.0019037
   0.0003412   0.0003723   0.0003336
   0.0007432   0.0007180   0.0006888
   0.0035764   0.0025060   0.0014341
   0.0000000   0.0000000   0.0000000
   0.0000000   0.0000000   0.0000000
   0.0000000   0.0000000   0.0000000
   0.0000000   0.0000000   0.0000000
   0.0000000   0.0000000   0.0000000

n_points =  478
centroids =

   0.0013596   0.0011854   0.0011289
   0.0027695   0.0022355   0.0012664
   0.0035952   0.0019666   0.0010882
   0.0020743   0.0016291   0.0010719
   0.0004662   0.0004957   0.0004511
   0.0034109   0.0029704   0.0024056
   0.0026519   0.0018014   0.0009598
   0.0029788   0.0025839   0.0019037
   0.0003412   0.0003723   0.0003336
   0.0007432   0.0007180   0.0006888
   0.0035764   0.0025060   0.0014341
   0.0032569   0.0023861   0.0010241
   0.0000000   0.0000000   0.0000000
   0.0000000   0.0000000   0.0000000
   0.0000000   0.0000000   0.0000000
   0.0000000   0.0000000   0.0000000

n_points =  710
centroids =

   0.0013596   0.0011854   0.0011289
   0.0027695   0.0022355   0.0012664
   0.0035952   0.0019666   0.0010882
   0.0020743   0.0016291   0.0010719
   0.0004662   0.0004957   0.0004511
   0.0034109   0.0029704   0.0024056
   0.0026519   0.0018014   0.0009598
   0.0029788   0.0025839   0.0019037
   0.0003412   0.0003723   0.0003336
   0.0007432   0.0007180   0.0006888
   0.0035764   0.0025060   0.0014341
   0.0032569   0.0023861   0.0010241
   0.0035369   0.0029508   0.0016993
   0.0000000   0.0000000   0.0000000
   0.0000000   0.0000000   0.0000000
   0.0000000   0.0000000   0.0000000

n_points =  1771
centroids =

   0.0013596   0.0011854   0.0011289
   0.0027695   0.0022355   0.0012664
   0.0035952   0.0019666   0.0010882
   0.0020743   0.0016291   0.0010719
   0.0004662   0.0004957   0.0004511
   0.0034109   0.0029704   0.0024056
   0.0026519   0.0018014   0.0009598
   0.0029788   0.0025839   0.0019037
   0.0003412   0.0003723   0.0003336
   0.0007432   0.0007180   0.0006888
   0.0035764   0.0025060   0.0014341
   0.0032569   0.0023861   0.0010241
   0.0035369   0.0029508   0.0016993
   0.0037644   0.0036055   0.0030553
   0.0000000   0.0000000   0.0000000
   0.0000000   0.0000000   0.0000000

n_points =  1125
centroids =

   0.0013596   0.0011854   0.0011289
   0.0027695   0.0022355   0.0012664
   0.0035952   0.0019666   0.0010882
   0.0020743   0.0016291   0.0010719
   0.0004662   0.0004957   0.0004511
   0.0034109   0.0029704   0.0024056
   0.0026519   0.0018014   0.0009598
   0.0029788   0.0025839   0.0019037
   0.0003412   0.0003723   0.0003336
   0.0007432   0.0007180   0.0006888
   0.0035764   0.0025060   0.0014341
   0.0032569   0.0023861   0.0010241
   0.0035369   0.0029508   0.0016993
   0.0037644   0.0036055   0.0030553
   0.0002534   0.0002755   0.0002357
   0.0000000   0.0000000   0.0000000

n_points =  1254
centroids =

  1.3596e-003  1.1854e-003  1.1289e-003
  2.7695e-003  2.2355e-003  1.2664e-003
  3.5952e-003  1.9666e-003  1.0882e-003
  2.0743e-003  1.6291e-003  1.0719e-003
  4.6623e-004  4.9567e-004  4.5106e-004
  3.4109e-003  2.9704e-003  2.4056e-003
  2.6519e-003  1.8014e-003  9.5981e-004
  2.9788e-003  2.5839e-003  1.9037e-003
  3.4123e-004  3.7225e-004  3.3360e-004
  7.4316e-004  7.1804e-004  6.8883e-004
  3.5764e-003  2.5060e-003  1.4341e-003
  3.2569e-003  2.3861e-003  1.0241e-003
  3.5369e-003  2.9508e-003  1.6993e-003
  3.7644e-003  3.6055e-003  3.0553e-003
  2.5337e-004  2.7548e-004  2.3567e-004
  2.2277e-003  2.1820e-003  2.3459e-003

K-Means iteration 2/10...
